"count___no_feature" "count___ambiguous" "count___too_low_aQual" "count___not_aligned" "count___alignment_not_unique" "with0_0%" "with0_25%" "with0_50%" "with0_75%" "with0_100%" "wo0_with0_0%" "wo0_with0_25%" "wo0_with0_50%" "wo0_with0_75%" "wo0_with0_100%" "tot" "zeros" "proc_count___no_feature" "proc_count___ambiguous" "proc_count___too_low_aQual" "proc_count___not_aligned" "proc_count___alignment_not_unique"
"X16336.tab" 404340 985809 0 0 0 0 1 219 1406 222238 1 71 648 1912.25 222238 45951425 7738 0.00879929186091617 0.0214532846369835 0 0 0
"X16337.tab" 329412 839387 0 0 0 0 1 158 1137 275381 1 43 487 1534 275381 39222863 7367 0.00839846902557827 0.0214004520781668 0 0 0
"X16338.tab" 406575 910537 0 0 0 0 2 182 1318 270680 1 42 539.5 1738 270680 44398577 6986 0.00915738808475776 0.0205082473701804 0 0 0
"X16339.tab" 329312 913172 0 0 0 0 0 100 1222 420652 1 52 613 1916 420652 47474128 9825 0.0069366624280071 0.0192351505645349 0 0 0
"X16340.tab" 421288 1139542 0 0 0 0 0 119 1545 518955 1 83 826 2504.75 518955 60462684 10408 0.0069677356698224 0.0188470296819771 0 0 0
"X16341.tab" 486453 1188042 0 0 0 0 0 149 1613 655632 1 78 825 2526 655632 65158804 9737 0.00746565268447837 0.0182330234299574 0 0 0
"X16342.tab" 404056 1017232 0 0 0 0 0 124 1418 556220 1 72.25 741 2238 556220 56873673 10060 0.00710444707870371 0.0178858151116774 0 0 0
"X16343.tab" 299677 962785 0 0 0 0 0 112 1056.75 587876 1 72 555 1639 587876 40659099 9933 0.0073704781308607 0.0236794474958729 0 0 0
"X16344.tab" 471245 1292589 0 0 0 0 0 156 1523.75 684088 1 81 751.5 2286 684088 56589359 9538 0.00832744898206039 0.0228415557772973 0 0 0
"X16345.tab" 389551 922318 0 0 0 0 0 101 979.75 591368 1 61 497 1492 591368 38208288 9820 0.0101954581163124 0.0241392129372559 0 0 0
"X16346.tab" 364957 1019001 0 0 0 0 0 127 1223 557413 1 61 583.5 1817.25 557413 46851620 9330 0.0077896345953459 0.0217495360886134 0 0 0
"X16347.tab" 479596 1555007 0 0 0 0 0 187.5 1711 908930 1 96 824 2562 908930 64962453 9383 0.00738266456779272 0.0239370117381497 0 0 0
"X16348.tab" 483536 1271400 0 0 0 0 0 162 1511 650579 1 81 732 2292 650579 57512313 9394 0.00840752135981733 0.0221065704660496 0 0 0
"X16349.tab" 515528 1508076 0 0 0 0 0 173 1651 946570 1 88.75 805 2477.25 946570 64326446 9378 0.00801424658219109 0.0234441057104258 0 0 0
"X16350.tab" 460007 1373246 0 0 0 0 0 187 1686 978412 1 74 785 2480.5 978412 64864567 8867 0.00709180714950275 0.0211709730522058 0 0 0
"X16351.tab" 557715 1631269 0 0 0 0 0 211 1939 872263 1 79 885 2853 872263 73379899 8725 0.00760037840880648 0.022230461232987 0 0 0
"X16352.tab" 475115 1391794 0 0 0 0 1 227 1694 897609 1 84 776 2440 897609 63444567 8351 0.00748866329247704 0.021937166030308 0 0 0
"X16353.tab" 536371 1535362 0 0 0 0 0 223 1867.75 1196823 1 76 846 2727 1196823 72533394 8578 0.00739481458705765 0.0211676569277869 0 0 0
"X16354.tab" 450051 1737732 0 0 0 0 0 206.5 1837 1334866 1 81 862 2700 1334866 74249113 8840 0.0060613653391388 0.0234040775679031 0 0 0
"X16355.tab" 482882 1307821 0 0 0 0 0 169 1598.75 1259512 1 69 748 2384 1259512 60964140 9000 0.00792075472564691 0.0214522996633759 0 0 0
"X16806.tab" 300755 449935 0 0 0 0 0 7 330 905459 1 24 207 846.75 905459 30414406 13744 0.0098885705675133 0.0147934830619411 0 0 0
"X16807.tab" 453669 421489 0 0 0 0 0 10 362 1395177 1 25 215 845 1395177 29957698 13097 0.0151436535610981 0.0140694722271384 0 0 0
"X16808.tab" 278548 433154 0 0 0 0 0 11 368 756001 1 26 218 850 756001 29295626 12944 0.00950817709101011 0.0147856202151133 0 0 0
"X16809.tab" 235006 395133 0 0 0 0 0 5 272 972679 1 20 174 710.25 972679 26031792 13874 0.00902765357068004 0.0151788628304959 0 0 0
"X16832.tab" 403643 493086 0 0 0 0 0 8 351 1427254 1 21 203 874 1427254 34408385 13201 0.0117309487207842 0.0143304023132733 0 0 0
"X16833.tab" 432751 526714 0 0 0 0 0 7 382 796938 1 22 228 998 796938 34334117 13565 0.0126041103663741 0.0153408343077528 0 0 0
"X16834.tab" 352239 551886 0 0 0 0 0 8 393 1315033 1 24 236.5 1024 1315033 39249126 13498 0.00897444187674396 0.0140611029147503 0 0 0
"X16835.tab" 109241 718177 0 0 0 0 0 73 550 664353 1 59 310 916.25 664353 33518442 10590 0.00325913119708846 0.0214263240516967 0 0 0
"X16836.tab" 134809 682774 0 0 0 0 0 77 643 673995 1 61 356 1047.25 673995 34163580 10526 0.00394598575442035 0.0199854347817178 0 0 0
"X16837.tab" 183808 876321 0 0 0 0 0 100 811 789464 1 72 432 1303 789464 43020622 10191 0.00427255561298021 0.0203697891676229 0 0 0
"X16838.tab" 128828 625594 0 0 0 0 0 76 584 502777 1 59 325 944 502777 30184212 10464 0.00426805907671202 0.0207258682121634 0 0 0
"X16839.tab" 156731 790129 0 0 0 0 0 104 761.75 753345 1 73 416 1204 753345 39777685 10113 0.0039401739945399 0.0198636245422528 0 0 0
"X16840.tab" 151039 844312 0 0 0 0 0 100 750 911386 1 73 412 1194 911386 42079458 10306 0.00358937607989152 0.0200647071072066 0 0 0
"X16841.tab" 151011 816272 0 0 0 0 0 95 754 470977 1 71 411 1240 470977 36827036 10320 0.00410054721753877 0.0221650202856401 0 0 0
"X16842.tab" 140092 721205 0 0 0 0 0 103 693 397730 1 73 384 1112.75 397730 33810118 10140 0.00414349337674598 0.02133104060743 0 0 0
"X16843.tab" 106583 563560 0 0 0 0 0 66 524 408446 1 56 294 864 408446 26734060 10659 0.00398678689282511 0.0210802250013653 0 0 0
"X16844.tab" 110836 676806 0 0 0 0 0 83 653 433579 1 62 352 1062 433579 31834467 10324 0.00348163517234323 0.0212601643369748 0 0 0
"X16845.tab" 137622 722311 0 0 0 0 0 96 722 434663 1 74 395 1165.75 434663 34225283 10364 0.00402106244088617 0.0211046026997059 0 0 0
"X16846.tab" 121977 767397 0 0 0 0 0 102 751 469717 1 70 402 1187 469717 36420545 10024 0.00334912615942458 0.0210704425208354 0 0 0
"X16847.tab" 145082 870920 0 0 0 0 0 123 847 524007 1 83 456 1324 524007 41392820 9937 0.00350500400794147 0.0210403640051584 0 0 0
"X16848.tab" 177031 979218 0 0 0 0 0 118 929 610813 1 85 494 1502.75 610813 45590959 10180 0.00388302865048309 0.0214783374045718 0 0 0
"X18698.tab" 355627 1216561 0 0 0 0 0 103 957 616159 1 62 453 1529 616159 49314523 9665 0.00721140504593343 0.0246694264892312 0 0 0
"X18699.tab" 299653 1325532 0 0 0 0 0 108 996 720313 1 62 471 1594 720313 52864076 9575 0.00566836730485935 0.0250743434917883 0 0 0
"X18700.tab" 265473 940533 0 0 0 0 0 90 843 378271 1 54 397 1361 378271 43263519 9597 0.00613618600927955 0.02173963241409 0 0 0
"X18701.tab" 334247 971692 0 0 0 0 0 81 812 392935 1 52 381 1337 392935 42867991 9727 0.00779712303289417 0.0226670757675581 0 0 0
"X18702.tab" 342101 1143264 0 0 0 0 0 96 1037 778923 1 58 480 1666 778923 52539320 9707 0.00651133284557166 0.0217601598193505 0 0 0
"X18703.tab" 296341 1106594 0 0 0 0 0 115 1041 774173 1 64 485 1634 774173 51598112 9429 0.00574325277638065 0.021446404860705 0 0 0
"X18705.tab" 221762 944262 0 0 0 0 0 68 795 373733 1 41 364 1330 373733 40383502 9797 0.00549140091911791 0.0233823703551019 0 0 0
"X18706.tab" 353660 1123130 0 0 0 0 0 119 968.75 849818 1 66 471 1491 849818 48991378 9411 0.00721882123830034 0.0229250542820004 0 0 0
"X18707.tab" 264790 929296 0 0 0 0 0 110 896 880310 1 67 465 1360.25 880310 44191610 9794 0.00599186135105736 0.0210287880437033 0 0 0
"X18708.tab" 307169 1047082 0 0 0 0 0 128 916 736015 1 67 444 1395 736015 46786023 9173 0.00656540095318638 0.0223802309505982 0 0 0
"X18709.tab" 280593 1077017 0 0 0 0 0 114.5 980 983728 1 66 489 1485 983728 50216884 9642 0.00558762268084973 0.0214473084391298 0 0 0
