"16336.tab" "16337.tab" "16338.tab" "16339.tab" "16340.tab" "16341.tab" "16342.tab" "16343.tab" "16344.tab" "16345.tab" "16346.tab" "16347.tab" "16348.tab" "16349.tab" "16350.tab" "16351.tab" "16352.tab" "16353.tab" "16354.tab" "16355.tab" "16806.tab" "16807.tab" "16808.tab" "16809.tab" "16832.tab" "16833.tab" "16834.tab" "16835.tab" "16836.tab" "16837.tab" "16838.tab" "16839.tab" "16840.tab" "16841.tab" "16842.tab" "16843.tab" "16844.tab" "16845.tab" "16846.tab" "16847.tab" "16848.tab" "18698.tab" "18699.tab" "18700.tab" "18701.tab" "18702.tab" "18703.tab" "18705.tab" "18706.tab" "18707.tab" "18708.tab" "18709.tab"
"count___no_feature" 404340 329412 406575 329312 421288 486453 404056 299677 471245 389551 364957 479596 483536 515528 460007 557715 475115 536371 450051 482882 300755 453669 278548 235006 403643 432751 352239 109241 134809 183808 128828 156731 151039 151011 140092 106583 110836 137622 121977 145082 177031 355627 299653 265473 334247 342101 296341 221762 353660 264790 307169 280593
"count___ambiguous" 985809 839387 910537 913172 1139542 1188042 1017232 962785 1292589 922318 1019001 1555007 1271400 1508076 1373246 1631269 1391794 1535362 1737732 1307821 449935 421489 433154 395133 493086 526714 551886 718177 682774 876321 625594 790129 844312 816272 721205 563560 676806 722311 767397 870920 979218 1216561 1325532 940533 971692 1143264 1106594 944262 1123130 929296 1047082 1077017
"count___too_low_aQual" 0 0 0 0 0 0 0 0 0 0 0 0 0 0 0 0 0 0 0 0 0 0 0 0 0 0 0 0 0 0 0 0 0 0 0 0 0 0 0 0 0 0 0 0 0 0 0 0 0 0 0 0
"count___not_aligned" 0 0 0 0 0 0 0 0 0 0 0 0 0 0 0 0 0 0 0 0 0 0 0 0 0 0 0 0 0 0 0 0 0 0 0 0 0 0 0 0 0 0 0 0 0 0 0 0 0 0 0 0
"count___alignment_not_unique" 0 0 0 0 0 0 0 0 0 0 0 0 0 0 0 0 0 0 0 0 0 0 0 0 0 0 0 0 0 0 0 0 0 0 0 0 0 0 0 0 0 0 0 0 0 0 0 0 0 0 0 0
"with0_0%" 0 0 0 0 0 0 0 0 0 0 0 0 0 0 0 0 0 0 0 0 0 0 0 0 0 0 0 0 0 0 0 0 0 0 0 0 0 0 0 0 0 0 0 0 0 0 0 0 0 0 0 0
"with0_25%" 1 1 2 0 0 0 0 0 0 0 0 0 0 0 0 0 1 0 0 0 0 0 0 0 0 0 0 0 0 0 0 0 0 0 0 0 0 0 0 0 0 0 0 0 0 0 0 0 0 0 0 0
"with0_50%" 219 158 182 100 119 149 124 112 156 101 127 187.5 162 173 187 211 227 223 206.5 169 7 10 11 5 8 7 8 73 77 100 76 104 100 95 103 66 83 96 102 123 118 103 108 90 81 96 115 68 119 110 128 114.5
"with0_75%" 1406 1137 1318 1222 1545 1613 1418 1056.75 1523.75 979.75 1223 1711 1511 1651 1686 1939 1694 1867.75 1837 1598.75 330 362 368 272 351 382 393 550 643 811 584 761.75 750 754 693 524 653 722 751 847 929 957 996 843 812 1037 1041 795 968.75 896 916 980
"with0_100%" 222238 275381 270680 420652 518955 655632 556220 587876 684088 591368 557413 908930 650579 946570 978412 872263 897609 1196823 1334866 1259512 905459 1395177 756001 972679 1427254 796938 1315033 664353 673995 789464 502777 753345 911386 470977 397730 408446 433579 434663 469717 524007 610813 616159 720313 378271 392935 778923 774173 373733 849818 880310 736015 983728
"wo0_with0_0%" 1 1 1 1 1 1 1 1 1 1 1 1 1 1 1 1 1 1 1 1 1 1 1 1 1 1 1 1 1 1 1 1 1 1 1 1 1 1 1 1 1 1 1 1 1 1 1 1 1 1 1 1
"wo0_with0_25%" 71 43 42 52 83 78 72.25 72 81 61 61 96 81 88.75 74 79 84 76 81 69 24 25 26 20 21 22 24 59 61 72 59 73 73 71 73 56 62 74 70 83 85 62 62 54 52 58 64 41 66 67 67 66
"wo0_with0_50%" 648 487 539.5 613 826 825 741 555 751.5 497 583.5 824 732 805 785 885 776 846 862 748 207 215 218 174 203 228 236.5 310 356 432 325 416 412 411 384 294 352 395 402 456 494 453 471 397 381 480 485 364 471 465 444 489
"wo0_with0_75%" 1912.25 1534 1738 1916 2504.75 2526 2238 1639 2286 1492 1817.25 2562 2292 2477.25 2480.5 2853 2440 2727 2700 2384 846.75 845 850 710.25 874 998 1024 916.25 1047.25 1303 944 1204 1194 1240 1112.75 864 1062 1165.75 1187 1324 1502.75 1529 1594 1361 1337 1666 1634 1330 1491 1360.25 1395 1485
"wo0_with0_100%" 222238 275381 270680 420652 518955 655632 556220 587876 684088 591368 557413 908930 650579 946570 978412 872263 897609 1196823 1334866 1259512 905459 1395177 756001 972679 1427254 796938 1315033 664353 673995 789464 502777 753345 911386 470977 397730 408446 433579 434663 469717 524007 610813 616159 720313 378271 392935 778923 774173 373733 849818 880310 736015 983728
"tot" 45951425 39222863 44398577 47474128 60462684 65158804 56873673 40659099 56589359 38208288 46851620 64962453 57512313 64326446 64864567 73379899 63444567 72533394 74249113 60964140 30414406 29957698 29295626 26031792 34408385 34334117 39249126 33518442 34163580 43020622 30184212 39777685 42079458 36827036 33810118 26734060 31834467 34225283 36420545 41392820 45590959 49314523 52864076 43263519 42867991 52539320 51598112 40383502 48991378 44191610 46786023 50216884
"zeros" 7738 7367 6986 9825 10408 9737 10060 9933 9538 9820 9330 9383 9394 9378 8867 8725 8351 8578 8840 9000 13744 13097 12944 13874 13201 13565 13498 10590 10526 10191 10464 10113 10306 10320 10140 10659 10324 10364 10024 9937 10180 9665 9575 9597 9727 9707 9429 9797 9411 9794 9173 9642
"proc_count___no_feature" 0.00879929186091617 0.00839846902557827 0.00915738808475776 0.0069366624280071 0.0069677356698224 0.00746565268447837 0.00710444707870371 0.0073704781308607 0.00832744898206039 0.0101954581163124 0.0077896345953459 0.00738266456779272 0.00840752135981733 0.00801424658219109 0.00709180714950275 0.00760037840880648 0.00748866329247704 0.00739481458705765 0.0060613653391388 0.00792075472564691 0.0098885705675133 0.0151436535610981 0.00950817709101011 0.00902765357068004 0.0117309487207842 0.0126041103663741 0.00897444187674396 0.00325913119708846 0.00394598575442035 0.00427255561298021 0.00426805907671202 0.0039401739945399 0.00358937607989152 0.00410054721753877 0.00414349337674598 0.00398678689282511 0.00348163517234323 0.00402106244088617 0.00334912615942458 0.00350500400794147 0.00388302865048309 0.00721140504593343 0.00566836730485935 0.00613618600927955 0.00779712303289417 0.00651133284557166 0.00574325277638065 0.00549140091911791 0.00721882123830034 0.00599186135105736 0.00656540095318638 0.00558762268084973
"proc_count___ambiguous" 0.0214532846369835 0.0214004520781668 0.0205082473701804 0.0192351505645349 0.0188470296819771 0.0182330234299574 0.0178858151116774 0.0236794474958729 0.0228415557772973 0.0241392129372559 0.0217495360886134 0.0239370117381497 0.0221065704660496 0.0234441057104258 0.0211709730522058 0.022230461232987 0.021937166030308 0.0211676569277869 0.0234040775679031 0.0214522996633759 0.0147934830619411 0.0140694722271384 0.0147856202151133 0.0151788628304959 0.0143304023132733 0.0153408343077528 0.0140611029147503 0.0214263240516967 0.0199854347817178 0.0203697891676229 0.0207258682121634 0.0198636245422528 0.0200647071072066 0.0221650202856401 0.02133104060743 0.0210802250013653 0.0212601643369748 0.0211046026997059 0.0210704425208354 0.0210403640051584 0.0214783374045718 0.0246694264892312 0.0250743434917883 0.02173963241409 0.0226670757675581 0.0217601598193505 0.021446404860705 0.0233823703551019 0.0229250542820004 0.0210287880437033 0.0223802309505982 0.0214473084391298
"proc_count___too_low_aQual" 0 0 0 0 0 0 0 0 0 0 0 0 0 0 0 0 0 0 0 0 0 0 0 0 0 0 0 0 0 0 0 0 0 0 0 0 0 0 0 0 0 0 0 0 0 0 0 0 0 0 0 0
"proc_count___not_aligned" 0 0 0 0 0 0 0 0 0 0 0 0 0 0 0 0 0 0 0 0 0 0 0 0 0 0 0 0 0 0 0 0 0 0 0 0 0 0 0 0 0 0 0 0 0 0 0 0 0 0 0 0
"proc_count___alignment_not_unique" 0 0 0 0 0 0 0 0 0 0 0 0 0 0 0 0 0 0 0 0 0 0 0 0 0 0 0 0 0 0 0 0 0 0 0 0 0 0 0 0 0 0 0 0 0 0 0 0 0 0 0 0
